sd <- 0.38397
(sd ^ 2) * 252

